3 -> (-1, -1)
0 -> (1, 0)
17 -> (-1, -1)
1 -> (2, 0)
13 -> (-1, -1)
1 -> (4, 0)
26 -> (-1, -1)
2 -> (-1, -1)
0 -> (2, 1)
17 -> (-1, -1)
1 -> (7, 0)
12 -> (-1, -1)
1 -> (4, 0)
26 -> (-1, -1)
2 -> (-1, -1)
0 -> (3, 0)
17 -> (-1, -1)
1 -> (0, 0)
26 -> (-1, -1)
2 -> (-1, -1)
0 -> (6, 0)
26 -> (-1, -1)
10 -> (-1, -1)
24 -> (-1, -1)
0 -> (1, 0)
25 -> (-1, -1)
26 -> (-1, -1)
10 -> (-1, -1)
24 -> (-1, -1)
0 -> (2, 1)
25 -> (-1, -1)
26 -> (-1, -1)
10 -> (-1, -1)
24 -> (-1, -1)
0 -> (3, 0)
25 -> (-1, -1)
26 -> (-1, -1)
8 -> (-1, -1)
24 -> (-1, -1)
0 -> (1, 0)
23 -> (-1, -1)
0 -> (2, 1)
25 -> (-1, -1)
27 -> (-1, -1)
32 -> (-1, -1)
0 -> (6, 0)
17 -> (-1, -1)
0 -> (1, 0)
26 -> (-1, -1)
28 -> (-1, -1)
9 -> (-1, -1)
27 -> (-1, -1)
32 -> (-1, -1)
0 -> (6, 0)
17 -> (-1, -1)
0 -> (2, 1)
26 -> (-1, -1)
28 -> (-1, -1)
8 -> (-1, -1)
24 -> (-1, -1)
0 -> (3, 0)
21 -> (-1, -1)
0 -> (6, 0)
25 -> (-1, -1)
27 -> (-1, -1)
32 -> (-1, -1)
0 -> (6, 0)
17 -> (-1, -1)
0 -> (3, 0)
26 -> (-1, -1)
28 -> (-1, -1)
11 -> (-1, -1)
24 -> (-1, -1)
0 -> (6, 0)
25 -> (-1, -1)
26 -> (-1, -1)
